0.000000000000000000e+00 0.000000000000000000e+00 0.000000000000000000e+00 0.000000000000000000e+00 0.000000000000000000e+00
9.982081999999999766e+01 2.709324999999999949e-04 2.117957999999999992e-06 5.009361000000000369e-03 0.000000000000000000e+00
1.999593000000000131e+02 6.832014999999999876e-04 6.528589999999999779e-06 3.893786999999999943e-02 0.000000000000000000e+00
2.999773000000000138e+02 1.729639999999999954e-03 1.511471999999999917e-05 2.155633000000000132e-01 0.000000000000000000e+00
3.999879999999999995e+02 3.677085000000000076e-03 2.308268000000000039e-05 6.441873000000000182e-01 0.000000000000000000e+00
4.999556000000000040e+02 6.300575000000000099e-03 2.947150000000000065e-05 1.324808999999999903e+00 0.000000000000000000e+00
5.999718000000000302e+02 9.582388000000000711e-03 3.617838999999999837e-05 2.326941000000000148e+00 0.000000000000000000e+00
6.999619000000000142e+02 1.354011999999999924e-02 4.299544000000000114e-05 3.728638999999999815e+00 1.306280999999999970e-01
7.999850999999999885e+02 1.818465999999999833e-02 4.987894999999999785e-05 5.446683000000000163e+00 1.747493999999999992e-01
8.999935000000000400e+02 2.351879000000000122e-02 5.679745000000000285e-05 7.761644999999999683e+00 2.458344000000000085e-01
9.999754000000000360e+02 2.954441000000000012e-02 6.373851000000000039e-05 1.100655000000000072e+01 3.334054000000000184e-01
1.099992999999999938e+03 3.626747999999999778e-02 7.070069000000000494e-05 1.530941999999999936e+01 3.850202999999999820e-01
1.199993999999999915e+03 4.368642999999999832e-02 7.767696000000000583e-05 2.061149999999999949e+01 3.699985000000000079e-01
1.299981999999999971e+03 5.180251999999999774e-02 8.466509999999999683e-05 2.672600999999999871e+01 3.072358000000000033e-01
1.399988000000000056e+03 6.061951000000000145e-02 9.166516999999999569e-05 3.340241000000000327e+01 2.316828999999999972e-01
1.499996000000000095e+03 7.013729000000000491e-02 9.867460999999999951e-05 4.038199999999999790e+01 1.647235999999999978e-01
1.600000000000000000e+03 8.035594999999999544e-02 1.056920999999999973e-04 4.853260000000000218e+01 1.137296000000000001e-01
1.699987000000000080e+03 9.127490000000000603e-02 1.127155999999999953e-04 5.725019999999999953e+01 8.116998999999999742e-02
1.799999000000000024e+03 1.028992999999999991e-01 1.197462000000000022e-04 6.630271999999999366e+01 6.086124999999999868e-02
1.899996000000000095e+03 1.152254000000000056e-01 1.267813999999999920e-04 7.571116000000000668e+01 4.817619000000000068e-02
1.999993999999999915e+03 1.282552999999999888e-01 1.338222000000000077e-04 8.551855999999999369e+01 4.022322999999999871e-02
2.098994999999999891e+03 1.418491000000000057e-01 1.407982999999999967e-04 9.566827000000000680e+01 3.530902000000000346e-02
2.198994000000000142e+03 1.562813999999999870e-01 1.478495000000000080e-04 1.064140000000000015e+02 3.230670000000000069e-02
2.299000000000000000e+03 1.714198999999999862e-01 1.549038999999999993e-04 1.177039999999999935e+02 3.064936999999999870e-02
2.398998999999999796e+03 1.872629000000000099e-01 1.619590000000000125e-04 1.295812999999999988e+02 2.994565000000000074e-02
2.498992999999999938e+03 2.038107000000000113e-01 1.690144999999999994e-04 1.420865000000000009e+02 2.994225000000000012e-02
2.598992000000000189e+03 2.210646000000000000e-01 1.760707000000000081e-04 1.552552000000000021e+02 3.046721999999999972e-02
2.698996999999999844e+03 2.390256000000000047e-01 1.831280000000000126e-04 1.691154999999999973e+02 3.139697000000000321e-02
2.798996000000000095e+03 2.576911000000000063e-01 1.901848999999999890e-04 1.836852000000000089e+02 3.263706000000000246e-02
2.898998000000000047e+03 2.770627999999999980e-01 1.972417000000000126e-04 1.989773000000000138e+02 3.411198000000000008e-02
2.998998999999999796e+03 2.971399000000000123e-01 2.042981999999999882e-04 2.149943000000000097e+02 3.575911999999999841e-02
3.098996000000000095e+03 3.179218999999999795e-01 2.113538000000000092e-04 2.317315000000000111e+02 3.752619000000000093e-02
3.198994000000000142e+03 3.394096999999999809e-01 2.184083999999999874e-04 2.491773000000000025e+02 3.937013999999999792e-02
3.298998999999999796e+03 3.616041999999999867e-01 2.254618999999999970e-04 2.673140000000000214e+02 4.125667000000000223e-02
3.398998999999999796e+03 3.845031999999999894e-01 2.325151999999999926e-04 2.861177999999999884e+02 4.315975999999999840e-02
3.499000000000000000e+03 4.081075000000000119e-01 2.395673000000000127e-04 3.055609999999999786e+02 4.506199999999999789e-02
3.598994000000000142e+03 4.324154000000000053e-01 2.466168999999999935e-04 3.256118999999999915e+02 4.695370000000000099e-02
3.698996000000000095e+03 4.574299000000000004e-01 2.536656999999999996e-04 3.462427999999999884e+02 4.883259000000000211e-02
3.798996999999999844e+03 4.831492000000000009e-01 2.607131000000000162e-04 3.674220000000000255e+02 5.070224999999999732e-02
3.898996999999999844e+03 5.095726999999999896e-01 2.677595000000000170e-04 3.891206999999999994e+02 5.257143999999999706e-02
3.998998000000000047e+03 5.367011000000000420e-01 2.748049999999999820e-04 4.113133000000000266e+02 5.445298999999999973e-02
4.099000000000000000e+03 5.645345000000000502e-01 2.818496000000000196e-04 4.339773000000000138e+02 5.636250000000000288e-02
4.198998999999999796e+03 5.930710999999999622e-01 2.888926999999999793e-04 4.570926999999999794e+02 5.831726999999999744e-02
4.298997000000000298e+03 6.223121000000000347e-01 2.959347999999999775e-04 4.806467000000000098e+02 6.033568999999999738e-02
4.398997999999999593e+03 6.522580000000000044e-01 3.029702000000000220e-04 5.046243999999999801e+02 6.243632999999999822e-02
4.498996000000000095e+03 6.829066000000000303e-01 3.100145000000000114e-04 5.290365000000000464e+02 6.463676000000000144e-02
4.598997999999999593e+03 7.142606999999999706e-01 3.170536000000000166e-04 5.538700999999999794e+02 6.695436000000000443e-02
4.698997999999999593e+03 7.463180000000000369e-01 3.240906000000000104e-04 5.791314999999999600e+02 6.940451000000000259e-02
4.798997000000000298e+03 7.790783000000000014e-01 3.311243000000000172e-04 6.048273000000000366e+02 7.200107000000000035e-02
4.898998999999999796e+03 8.125432000000000210e-01 3.381600000000000014e-04 6.309759999999999991e+02 7.475610000000000588e-02
4.998996000000000095e+03 8.467097000000000095e-01 3.451905999999999811e-04 6.575821999999999434e+02 7.767931000000000141e-02
5.098998999999999796e+03 8.815813999999999595e-01 3.522215999999999889e-04 6.846704999999999472e+02 8.077858000000000260e-02
5.198998999999999796e+03 9.171546000000000420e-01 3.592488999999999817e-04 7.122522999999999911e+02 8.405891999999999531e-02
5.298997000000000298e+03 9.534299999999999997e-01 3.662725000000000139e-04 7.403465999999999667e+02 8.752327000000000023e-02
5.398998999999999796e+03 9.904091000000000422e-01 3.732957999999999979e-04 7.689769999999999754e+02 9.117211000000000065e-02
5.498998999999999796e+03 1.028089000000000031e+00 3.803139999999999776e-04 7.981553999999999860e+02 9.500308000000000364e-02
5.598997000000000298e+03 1.066470000000000029e+00 3.873282999999999826e-04 8.279008999999999787e+02 9.901155000000000372e-02
5.698997999999999593e+03 1.105553999999999926e+00 3.943382999999999849e-04 8.582301999999999680e+02 1.031905999999999934e-01
5.798997000000000298e+03 1.145337999999999967e+00 4.013430000000000231e-04 8.891550999999999476e+02 1.075303999999999982e-01
5.898998999999999796e+03 1.185821999999999932e+00 4.083415000000000070e-04 9.206875000000000000e+02 1.120195999999999970e-01
5.998997999999999593e+03 1.227004999999999901e+00 4.153326000000000153e-04 9.528337999999999965e+02 1.166441000000000006e-01
6.098998999999999796e+03 1.268888000000000016e+00 4.223146000000000105e-04 9.855996000000000095e+02 1.213888000000000050e-01
6.198998999999999796e+03 1.311468000000000078e+00 4.292982999999999890e-04 1.019000999999999976e+03 1.262368000000000101e-01
6.298997999999999593e+03 1.354746000000000006e+00 4.362694999999999876e-04 1.053020999999999958e+03 1.311704999999999954e-01
6.398997999999999593e+03 1.398719999999999963e+00 4.432330999999999966e-04 1.087662000000000035e+03 1.361720999999999904e-01
6.498998999999999796e+03 1.443391000000000091e+00 4.501578000000000220e-04 1.122876999999999953e+03 1.412239000000000133e-01
6.598997000000000298e+03 1.488634000000000013e+00 4.345048999999999808e-04 1.129028000000000020e+03 1.464836999999999945e-01
6.698998999999999796e+03 1.529765000000000041e+00 4.243744999999999939e-04 1.138894000000000005e+03 1.511531000000000124e-01
6.799000000000000000e+03 1.573172000000000015e+00 4.519635000000000037e-04 1.202075000000000045e+03 1.557252000000000081e-01
6.898997999999999593e+03 1.617450999999999972e+00 4.351123000000000252e-04 1.204531999999999925e+03 1.606096999999999941e-01
6.999000000000000000e+03 1.662598000000000020e+00 4.565001999999999970e-04 1.260938000000000102e+03 1.652808000000000055e-01
7.099000000000000000e+03 1.708498999999999990e+00 4.653489000000000128e-04 1.300273999999999887e+03 1.700209000000000026e-01
7.199000000000000000e+03 1.755028999999999950e+00 4.710078000000000138e-04 1.335634000000000015e+03 1.747486000000000039e-01
7.299000000000000000e+03 1.802108999999999961e+00 4.716214999999999839e-04 1.364190000000000055e+03 1.794332999999999900e-01
7.399000000000000000e+03 1.849827000000000110e+00 4.813589000000000171e-04 1.406137999999999920e+03 1.841201000000000088e-01
7.499000000000000000e+03 1.898255000000000026e+00 4.776779000000000094e-04 1.429099999999999909e+03 1.887191000000000007e-01
7.599000000000000000e+03 1.946916000000000091e+00 4.866437999999999840e-04 1.470579999999999927e+03 1.933718000000000103e-01
7.699000000000000000e+03 1.995530999999999944e+00 4.811993999999999994e-04 1.490500000000000000e+03 1.977825000000000000e-01
7.799000000000000000e+03 2.044814000000000132e+00 4.770285999999999884e-04 1.512125000000000000e+03 2.021755000000000080e-01
7.899000000000000000e+03 2.094100000000000072e+00 5.166873999999999686e-04 1.600423999999999978e+03 2.075637999999999928e-01
7.999000000000000000e+03 2.143866000000000049e+00 4.912363999999999576e-04 1.590282999999999902e+03 2.114559000000000022e-01
8.099000000000000000e+03 2.194869999999999877e+00 5.331482999999999925e-04 1.683204999999999927e+03 2.175278999999999963e-01
8.199000000000000000e+03 2.245125999999999955e+00 5.486945000000000234e-04 1.735153999999999996e+03 2.229681000000000024e-01
8.299000000000000000e+03 2.296291000000000082e+00 4.772989000000000051e-04 1.651421000000000049e+03 2.248967000000000049e-01
8.399000000000000000e+03 2.347719999999999807e+00 5.164768000000000353e-04 1.744432999999999993e+03 2.316970999999999892e-01
8.499000000000000000e+03 2.399486000000000008e+00 4.991661999999999575e-04 1.744420000000000073e+03 2.360209000000000057e-01
8.599000000000000000e+03 2.451668000000000180e+00 5.404453999999999942e-04 1.840516000000000076e+03 2.438983000000000123e-01
8.699000000000000000e+03 2.504605000000000192e+00 5.545510000000000239e-04 1.892298999999999978e+03 2.507688000000000139e-01
8.799000000000000000e+03 2.557326999999999906e+00 5.926648999999999980e-04 1.979884999999999991e+03 2.596714999999999995e-01
8.899000000000000000e+03 2.611450000000000049e+00 4.923647000000000397e-04 1.845875000000000000e+03 2.594565999999999817e-01
8.999000000000000000e+03 2.665036999999999878e+00 5.096407999999999537e-04 1.905463999999999942e+03 2.677624000000000115e-01
9.099000000000000000e+03 2.720623999999999931e+00 5.188954999999999653e-04 1.951768000000000029e+03 2.763653999999999833e-01
9.199000000000000000e+03 2.775884000000000018e+00 5.078964000000000048e-04 1.961730000000000018e+03 2.840231999999999757e-01
9.299000000000000000e+03 2.830912999999999791e+00 5.082806000000000476e-04 1.992037000000000035e+03 2.932855999999999796e-01
9.399000000000000000e+03 2.887513000000000218e+00 5.723311999999999931e-04 2.134844999999999800e+03 3.085426000000000002e-01
9.499000000000000000e+03 2.943382000000000165e+00 5.518653000000000100e-04 2.131766999999999825e+03 3.181892000000000054e-01
9.599000000000000000e+03 2.999617999999999896e+00 5.298345000000000311e-04 2.124244999999999891e+03 3.291913000000000200e-01
9.699000000000000000e+03 3.056233000000000199e+00 5.472765000000000312e-04 2.179737999999999829e+03 3.987617999999999996e-01
9.799000000000000000e+03 3.113475000000000215e+00 5.012648000000000190e-04 2.120353999999999814e+03 5.974140999999999480e-01
9.899000000000000000e+03 3.171097000000000055e+00 5.386850000000000102e-04 2.217302000000000135e+03 8.472300999999999860e-01
9.999000000000000000e+03 3.227021999999999835e+00 4.572299999999999845e-04 2.072186999999999898e+03 1.334492000000000012e+00
1.009900000000000000e+04 3.284698999999999813e+00 6.592001000000000110e-04 2.471635000000000218e+03 1.321104000000000056e+00
1.019900000000000000e+04 3.343243999999999883e+00 5.146931000000000206e-04 2.239351000000000113e+03 2.280272000000000077e+00
